8.98e+12	-0.597
8.67e+12	-0.581667
9.09e+12	-0.561
8.34e+12	-0.539333
6.98e+12	-0.521333
6.76e+12	-0.502
6.77e+12	-0.479333
6.49e+12	-0.46
5.86e+12	-0.443333
5.02e+12	-0.422
4.61e+12	-0.401
4.17e+12	-0.379667
3.98e+12	-0.360333
3.63e+12	-0.339
3.17e+12	-0.319667
2.83e+12	-0.298333
2.55e+12	-0.277333
2.35e+12	-0.256333
2.03e+12	-0.238
1.73e+12	-0.218333
1.52e+12	-0.2
1.3e+12		-0.179333
1.13e+12	-0.154667
9.62e+11	-0.137
8.08e+11	-0.116
6.82e+11	-0.0963333
5.8e+11		-0.0776667
4.95e+11	-0.0556667
4.25e+11	-0.039
3.68e+11	-0.0173333
3.6e+11		0.00333333
5.49e+11	0.025
1.46e+12	0.043
4.09e+11	0.0653333
4.03e+11	0.0853333
5.11e+11	0.103333
6.71e+11	0.124
8.58e+11	0.145333
1.07e+12	0.164667
1.31e+12	0.184667
1.61e+12	0.208667
1.91e+12	0.225667
2.21e+12	0.246667
2.54e+12	0.267667
2.8e+12		0.287333
3.18e+12	0.308
3.54e+12	0.326333
3.88e+12	0.347333
4.25e+12	0.369
4.6e+12		0.388
5.01e+12	0.409667
5.3e+12		0.427333
5.55e+12	0.448667
5.75e+12	0.468
6.25e+12	0.488
6.28e+12	0.509
6.04e+12	0.530333
6.03e+12	0.546667
5.7e+12		0.571
6.1e+12		0.589
